sample
WES_FD_1t
WES_FD_2t
WES_FD_3t
